[gd_scene load_steps=4 format=3 uid="uid://cc8ut2f7vwcwb"]

[ext_resource type="PackedScene" uid="uid://cuijwapo0nuy8" path="res://games/dodge/objects/cube/cube.tscn" id="1_rp6qn"]
[ext_resource type="PackedScene" uid="uid://b5tcfdnv0b738" path="res://games/dodge/player/player.tscn" id="2_56inp"]

[sub_resource type="BoxShape3D" id="BoxShape3D_nw2ig"]
size = Vector3(30, 1, 90)

[node name="main" type="Node3D"]
metadata/_edit_lock_ = true

[node name="DirectionalLight3D" type="DirectionalLight3D" parent="."]
transform = Transform3D(-0.866023, -0.433016, 0.250001, 0, 0.499998, 0.866027, -0.500003, 0.749999, -0.43301, 0, 8.10894, 0)
shadow_enabled = true

[node name="map" type="Node3D" parent="."]
metadata/_edit_lock_ = true

[node name="StaticBody3D" type="StaticBody3D" parent="map"]

[node name="CSGBox3D" type="CSGBox3D" parent="map/StaticBody3D"]
size = Vector3(30, 1, 90)

[node name="CollisionShape3D" type="CollisionShape3D" parent="map/StaticBody3D"]
shape = SubResource("BoxShape3D_nw2ig")

[node name="StaticBody3D2" type="StaticBody3D" parent="map"]
transform = Transform3D(-3.78552e-08, -0.5, -0.866025, -2.18557e-08, 0.866025, -0.5, 1, 0, -4.37114e-08, 52.8233, 21.9354, 0)

[node name="CSGBox3D" type="CSGBox3D" parent="map/StaticBody3D2"]
size = Vector3(30, 1, 90)

[node name="CollisionShape3D" type="CollisionShape3D" parent="map/StaticBody3D2"]
shape = SubResource("BoxShape3D_nw2ig")

[node name="StaticBody3D3" type="StaticBody3D" parent="map"]
transform = Transform3D(-0.353553, -0.353553, -0.866025, 0.612372, 0.612372, -0.5, 0.707107, -0.707107, -3.09086e-08, 58.3075, 35.5942, 23.6236)

[node name="CSGBox3D" type="CSGBox3D" parent="map/StaticBody3D3"]
size = Vector3(30, 1, 90)

[node name="CollisionShape3D" type="CollisionShape3D" parent="map/StaticBody3D3"]
shape = SubResource("BoxShape3D_nw2ig")

[node name="StaticBody3D4" type="StaticBody3D" parent="map"]
transform = Transform3D(-0.353553, -0.353553, 0.866025, 0.612372, 0.612372, 0.5, -0.707107, 0.707107, -3.09086e-08, 58.3075, 35.5942, -23.9754)

[node name="CSGBox3D" type="CSGBox3D" parent="map/StaticBody3D4"]
size = Vector3(30, 1, 90)

[node name="CollisionShape3D" type="CollisionShape3D" parent="map/StaticBody3D4"]
shape = SubResource("BoxShape3D_nw2ig")

[node name="objects" type="Node3D" parent="."]

[node name="cube" parent="objects" instance=ExtResource("1_rp6qn")]
transform = Transform3D(1, 0, 0, 0, 1, 0, 0, 0, 1, 80, 60, -11.378)

[node name="cube2" parent="objects" instance=ExtResource("1_rp6qn")]
transform = Transform3D(1, 0, 0, 0, 1, 0, 0, 0, 1, 80, 60, 0)

[node name="cube3" parent="objects" instance=ExtResource("1_rp6qn")]
transform = Transform3D(1, 0, 0, 0, 1, 0, 0, 0, 1, 80, 60, -5)

[node name="player" parent="." instance=ExtResource("2_56inp")]
transform = Transform3D(1, 0, 0, 0, 1, 0, 0, 0, 1, -1.79552, 1.9618, 4.94451)
